Вариант  1 :   4  18  17  16  20  19   9   2   6   7  14  15   4   3  10   3   2  20   8   6   7  20   1  13   8   4   3   9   2   4  10
Вариант  2 :  18   3  16  17  17   3   6  11   9  14   7   2  17  16  11   6  17  13  11   5   9   2   4  12   6  17  20  20   9  14  20
Вариант  3 :   8   3  12  17   9   3   6  14  15  16   6  18  19  19   9   5   7   5  20   4  16  20   5  12   7  15   7  10  20  19   1
Вариант  4 :  17  14  13   5  11  17  17  15  18   1   6   1  12  19   4   1   5  19  18   1  13  11  11  10   2   7   6  17  19  12  15
Вариант  5 :   9   1   8   1  17  15  16  18   8   8  17   5  12  20  13   8  11  13  19   8  13  17   2  10  12  18  19  17  12   5   4
Вариант  6 :  10  12  17  12  18   8   1  16  10  16   4  13   1  18  16  20  19   6   6  16   1  13  10  15   9   9   1  18   5   8  14
Вариант  7 :   9  19   6  17   7   2  11  11   1  16  14   4   7   3   8   8  17   7  14   9  17  19  12   6  17  19   9   4  19  13   5
Вариант  8 :  16  14  11   7   4  18   9   4   1   7  20  17  10   8  20  10   8  18  17   8  18   3  15  12  14  19   9  20   8  10   6
Вариант  9 :   4   3   4   9   1  18   1   1  14  14  17  10   9  11   4  19   6  19   8   5  10   2  11   7   6  13  12   6  19  11   3
Вариант 10 :   2  17  18   7  20  12  13   3  18  15   7   5  19   3  13   8  18  16  18  13   6   3  11   6   3  17  10   2   4   6   8
Вариант 11 :  18   6   3  13  11  18  11   6  19  18  16  13   7   9   1  15  13   8   2  13  16   9  14  20  11  12   7   8  17   9  17
Вариант 12 :  19  13  20   7  18  20  12   1   5  20  11  13  13   5  13  17   4   1   2   8  14  20   4  16  11  20  17   7   1   6  18
Вариант 13 :   5  20  11  13  14   4  19  17  10   6  20  10  16   2  12  13   3   1  15   5   8   6  20   4  19   6  19   7  14  19   6
Вариант 14 :   8   2   7   1  19  19  12   2  18  13   6  15  11   8   7   5   4  14  16  19   7  10  16  12  13  11   5  16   1  11  11
Вариант 15 :  20  18  16   2  11   2  15   1   7  18   8  19  10   5   1  17  14   5  16  20   2  14  11  17  17   7  15  15   4  11   2
Вариант 16 :   1   3   5  11   4   8   3   6  16  18  17   6   2  19   1  10   3  11   9   7   2  20  10   9  17   1  20  10   2   6   8
Вариант 17 :   9   2  13  15  15   2   8   8  20   3  15  13   8  20   9   7  19   7   8   5  14   1  16   3   2   1  15   4  15  16   6
Вариант 18 :   9  20   3  20  10  18   3  15   4  13  16   9   5   2   7  16  11  10   3   3  16  17  14  15   7  12  20   4   8  12   4
Вариант 19 :  13   1  14   3  20   3   7  17   7   5   9   2  13  17   5  13  18  11   8   4  12   5  20   6  13  13   8  16  14  15   9
Вариант 20 :  10  18   6   9   7  20  14  13  14  16  11   5   3  16  14   6   8  13  20  18   7  13  19   3   6   1  20  17   6  16  18
Вариант 21 :  19   4  11  12  15  16  19   7  15   9  17  17  14  19   1  15  15  14   3   9   6   1  18   6   5   3   2  18  17   2  17
Вариант 22 :  17  11   3  12  17  11   2   2   7   7  17   9   3   4  16   5  17  15   3   7  15   5  14  15  12   1  14   1  20  16   7
Вариант 23 :   9   7  19  12  11  16  18  10  20  11   8  14   4   4  16   7  19  19  14   2   1   5   6  16  14  19  20   8   8   6  11
Вариант 24 :  11  18  19  11   1  16  15  11   2  14  19   3   1  10  16   1   5  17  12  15   5  16   8  18   8  20   2   9   9   3  18
Вариант 25 :  18  17  20   6   3  20  16  11   1   1   5  17  11   5  10  19  11  19  19   1  14  12  20   2   8  20  15   8  13  12   2
